source,path,images,match_strength,sigma,interp,sigma_jitter,noise_std,gamma_jitter,official_score,test_score,total_score,edge_mean,fft_high_ratio,std
flir_iisr_hr,external_data/FLIR-IISR/FLIR-IISR/HR,96,1.0,0.5,cubic,0.0,0.25,0.03,0.3914868147802244,0.32817983834784437,0.37249472185051036,0.2991412216021369,0.07008622820327919,0.19270443846471608
flir_iisr_hr,external_data/FLIR-IISR/FLIR-IISR/HR,96,1.0,0.5,cubic,0.1,0.0,0.0,0.4096692009950908,0.34536078218935967,0.39037667535337145,0.29233683079170686,0.06944443896177178,0.18962972409402332
flir_iisr_hr,external_data/FLIR-IISR/FLIR-IISR/HR,96,1.0,0.5,cubic,0.0,0.0,0.03,0.4104767037398405,0.3465532868417543,0.3912996786704146,0.2924789361810933,0.06919836480587133,0.18967779679223895
flir_iisr_hr,external_data/FLIR-IISR/FLIR-IISR/HR,96,1.0,0.65,cubic,0.0,0.25,0.03,0.4300473649381909,0.3575174872144505,0.4082884016210687,0.28784145251847804,0.05959135639856116,0.19133316453856727
flir_iisr_hr,external_data/FLIR-IISR/FLIR-IISR/HR,96,1.0,0.5,cubic,0.1,0.25,0.03,0.42632017616894397,0.3858830818282837,0.4141890478667458,0.2929930528625846,0.07121999157414975,0.18834122635113695
flir_iisr_hr,external_data/FLIR-IISR/FLIR-IISR/HR,96,1.0,0.5,cubic,0.1,0.0,0.03,0.4372657668572359,0.3913895378145742,0.42350289814443737,0.28488968033343554,0.07131814601344734,0.18381013170195123
flir_iisr_hr,external_data/FLIR-IISR/FLIR-IISR/HR,96,1.0,0.5,area,0.0,0.25,0.03,0.44720150039151546,0.37152878381098153,0.4244996854173553,0.28232031944207847,0.055770031759351274,0.19074506436785063
flir_iisr_hr,external_data/FLIR-IISR/FLIR-IISR/HR,96,1.0,0.65,cubic,0.1,0.0,0.0,0.4524333051379346,0.38062158844435695,0.4308897901298613,0.2812422406083594,0.05902260736926881,0.18828983798933527
flir_iisr_hr,external_data/FLIR-IISR/FLIR-IISR/HR,96,1.0,0.65,cubic,0.0,0.0,0.03,0.45246935745795147,0.3807931684882712,0.43096650076704734,0.28149587808487314,0.05885228187152954,0.18834460557748875
flir_iisr_hr,external_data/FLIR-IISR/FLIR-IISR/HR,96,1.0,0.5,cubic,0.1,0.25,0.0,0.4451504662522246,0.4092811851951925,0.43438968193511496,0.2865050816132377,0.07177703033953158,0.18441210749248663
flir_iisr_hr,external_data/FLIR-IISR/FLIR-IISR/HR,96,1.0,0.5,cubic,0.0,0.0,0.0,0.4623999048818761,0.4020739580232992,0.44430212082430304,0.2840141936515768,0.07006928221713599,0.18285577682157358
flir_iisr_hr,external_data/FLIR-IISR/FLIR-IISR/HR,96,1.0,0.5,cubic,0.0,0.25,0.0,0.4623353675764448,0.4048500812330405,0.4450897816734235,0.28232753823976964,0.06958444097954203,0.18198353009453663
flir_iisr_hr,external_data/FLIR-IISR/FLIR-IISR/HR,96,1.0,0.5,area,0.0,0.0,0.03,0.47115951776679266,0.39676040855454753,0.4488397850031191,0.2761279346887022,0.05507819304614863,0.18777239260574183
flir_iisr_hr,external_data/FLIR-IISR/FLIR-IISR/HR,96,1.0,0.5,area,0.1,0.0,0.0,0.47118960962377154,0.3969315080579423,0.4489121791540227,0.2757683563201378,0.05518880769134505,0.1877114432863891
flir_iisr_hr,external_data/FLIR-IISR/FLIR-IISR/HR,96,1.0,0.65,cubic,0.1,0.25,0.03,0.46796407904059806,0.42183633975754264,0.4541257572556814,0.2819220334446679,0.06052278440903323,0.18698790242585042
m3fd_det,external_data/M3FD_ir/detection_ir,96,1.0,0.5,cubic,0.0,0.25,0.0,0.44891298054735546,0.4756536129762668,0.4569351702760288,0.3061939846569051,0.05966596698084519,0.20257566558818021
m3fd_det,external_data/M3FD_ir/detection_ir,96,1.0,0.5,cubic,0.1,0.25,0.0,0.4496073279887126,0.4748170442514514,0.4571702428675342,0.31461737553278607,0.060946727227019847,0.20710437217106423
flir_iisr_hr,external_data/FLIR-IISR/FLIR-IISR/HR,96,1.0,0.65,area,0.0,0.25,0.03,0.4824762230404332,0.4024499740362779,0.4584683483391866,0.2733788367671271,0.048717588374257076,0.18974207884942493
flir_iisr_hr,external_data/FLIR-IISR/FLIR-IISR/HR,96,1.0,0.65,cubic,0.1,0.0,0.03,0.48529731019709144,0.4333252668274057,0.4697056971861857,0.2740079425275326,0.06051680385043032,0.18248286090480784
m3fd_det,external_data/M3FD_ir/detection_ir,96,1.0,0.5,cubic,0.1,0.0,0.0,0.4647605272571829,0.4884804208888389,0.47187649534667975,0.3152723439658682,0.060236408844445345,0.2084588746074587
flir_iisr_hr,external_data/FLIR-IISR/FLIR-IISR/HR,96,1.0,0.5,area,0.1,0.25,0.03,0.486523295104118,0.4378516403442368,0.47192179867615364,0.27649280669478077,0.05658009705135741,0.18640306359156966
m3fd_det,external_data/M3FD_ir/detection_ir,96,1.0,0.5,cubic,0.0,0.0,0.03,0.46533990390105756,0.48929711446289303,0.4725270670696081,0.31507776336123544,0.0598056365009089,0.20836148224771023
m3fd_det,external_data/M3FD_ir/detection_ir,96,1.0,0.5,cubic,0.1,0.0,0.03,0.47072868693739167,0.4806553327150576,0.47370668067069144,0.3059651722044994,0.05962893383030941,0.20157278453310332
m3fd_det,external_data/M3FD_ir/detection_ir,96,1.0,0.5,cubic,0.0,0.25,0.03,0.4730478508067924,0.4882262970309751,0.4776013846740472,0.3085917189406852,0.05997515587250941,0.20311713754199445
m3fd_det,external_data/M3FD_ir/detection_ir,96,1.0,0.65,cubic,0.0,0.25,0.0,0.4715014144365646,0.49807742991555004,0.4794742190802602,0.2937430553914358,0.05155421088143364,0.2014739035318295
flir_iisr_hr,external_data/FLIR-IISR/FLIR-IISR/HR,96,1.0,0.65,cubic,0.1,0.25,0.0,0.49476467776728816,0.44987070967966997,0.4812964873410027,0.2754177115081499,0.060863303005153226,0.183054702822119
m3fd_det,external_data/M3FD_ir/detection_ir,96,1.0,0.65,cubic,0.1,0.25,0.0,0.47451571870741194,0.49860999141885887,0.481744000520846,0.30167593403408927,0.05252863573509164,0.20594642404466867
flir_iisr_hr,external_data/FLIR-IISR/FLIR-IISR/HR,96,1.0,0.65,area,0.1,0.0,0.0,0.5097507976167762,0.4295997895516375,0.4857054951972346,0.26711743876027566,0.04820749875659338,0.18673552720186612
flir_iisr_hr,external_data/FLIR-IISR/FLIR-IISR/HR,96,1.0,0.65,area,0.0,0.0,0.03,0.5097305052664727,0.42985564616433547,0.48576804753583147,0.2674255669893076,0.04812177518882288,0.18679661001078784
m3fd_det,external_data/M3FD_ir/detection_ir,96,1.0,0.5,cubic,0.0,0.0,0.0,0.4845393830771667,0.493881895292289,0.48734213674170335,0.30064284925659496,0.0597836081523242,0.1979429116472602
m3fd_det,external_data/M3FD_ir/detection_ir,96,1.0,0.5,cubic,0.1,0.25,0.03,0.48598832568812594,0.49331177987486585,0.48818536194414786,0.309718220649908,0.06009797018072568,0.20593442077127597
flir_iisr_hr,external_data/FLIR-IISR/FLIR-IISR/HR,96,1.0,0.65,cubic,0.0,0.0,0.0,0.508011135685985,0.44252810479823007,0.4883662264196585,0.2731160280915598,0.05955066518628945,0.18154632726994654
m3fd_det,external_data/M3FD_ir/detection_ir,96,1.0,0.5,area,0.0,0.25,0.0,0.480568700314551,0.5066393302840115,0.4883898893053892,0.2873889583473404,0.04835134873456783,0.2009606130886823
flir_iisr_hr,external_data/FLIR-IISR/FLIR-IISR/HR,96,1.0,0.5,area,0.1,0.0,0.03,0.5066901773339074,0.4517832783035081,0.49021810762478757,0.2686966860977312,0.05654353435395756,0.18191209117261073
flir_iisr_hr,external_data/FLIR-IISR/FLIR-IISR/HR,96,1.0,0.65,cubic,0.0,0.25,0.0,0.5091336736713717,0.4477630296701053,0.49072248047099176,0.2716863085127746,0.059157770357314066,0.1806948777132978
m3fd_det,external_data/M3FD_ir/detection_ir,96,1.0,0.5,area,0.1,0.25,0.0,0.48526779389897573,0.5088154151326636,0.49233208026908204,0.2950962810621907,0.04919740913657041,0.20541059342212975
m3fd_det,external_data/M3FD_ir/detection_ir,96,1.0,0.65,cubic,0.1,0.0,0.03,0.492692113797397,0.5036326200655007,0.4959742656778281,0.29358540327909094,0.05151173108937581,0.20046881213784218
m3fd_det,external_data/M3FD_ir/detection_ir,96,1.0,0.65,cubic,0.1,0.0,0.0,0.48916243363950834,0.5119353911340012,0.4959943208878562,0.30235435999929905,0.051985828157074594,0.20731657518384358
m3fd_det,external_data/M3FD_ir/detection_ir,96,1.0,0.65,cubic,0.0,0.0,0.03,0.49002809832680694,0.5130309586296097,0.4969289564176477,0.3022237322293222,0.05166338662086162,0.20722696635251245
m3fd_det,external_data/M3FD_ir/detection_ir,96,1.0,0.65,cubic,0.0,0.25,0.03,0.49598272355061973,0.5110652128195581,0.5005074703313013,0.29607757382715744,0.051790000299286675,0.20199837031153342
flir_iisr_hr,external_data/FLIR-IISR/FLIR-IISR/HR,96,1.0,0.5,area,0.1,0.25,0.0,0.5155320033135116,0.4679260543439632,0.5012502186226471,0.27000550203956664,0.056837861133903385,0.18247141068180403
m3fd_det,external_data/M3FD_ir/detection_ir,96,1.0,0.5,area,0.1,0.0,0.03,0.5018921046669739,0.5126776273437571,0.5051277614700088,0.2872758300509304,0.04830582559352875,0.19995688965233663
m3fd_det,external_data/M3FD_ir/detection_ir,96,1.0,0.5,area,0.1,0.0,0.0,0.4989125481638883,0.5213213643003026,0.5056351930048125,0.29577517866467434,0.04871584473412569,0.20678670789736012
m3fd_det,external_data/M3FD_ir/detection_ir,96,1.0,0.5,area,0.0,0.0,0.03,0.49926156791402837,0.5219502463815302,0.5060681714542788,0.29567680569986504,0.04844808138017428,0.20670155847134689
flir_iisr_hr,external_data/FLIR-IISR/FLIR-IISR/HR,96,1.0,0.5,area,0.0,0.0,0.0,0.5286481763294391,0.46006868808390283,0.5080743298557782,0.2678287703699122,0.05572557829985991,0.18098661381130418
flir_iisr_hr,external_data/FLIR-IISR/FLIR-IISR/HR,96,1.0,0.65,area,0.1,0.25,0.03,0.5240143455575781,0.47147890455868063,0.5082537132579088,0.2677231142297387,0.049391058983296536,0.1854116783166925
m3fd_det,external_data/M3FD_ir/detection_ir,96,1.0,0.65,area,0.1,0.25,0.0,0.5025627660348758,0.524609321532658,0.5091767326842105,0.28470031327257556,0.0434564655284149,0.20454131912750503
m3fd_det,external_data/M3FD_ir/detection_ir,96,1.0,0.5,area,0.0,0.25,0.03,0.5049133125631095,0.5196567769075863,0.5093363518664524,0.2896832988287012,0.04856317922914685,0.20147914672270417
m3fd_det,external_data/M3FD_ir/detection_ir,96,1.0,0.65,area,0.0,0.25,0.0,0.5033389792862399,0.5234306032300308,0.5093664664693771,0.27737680566497147,0.042788234150356874,0.2001317699905485
m3fd_det,external_data/M3FD_ir/detection_ir,96,1.0,0.65,cubic,0.0,0.0,0.0,0.506493757379192,0.5165520871128693,0.5095112562992952,0.28833604929968715,0.051623552057615936,0.1968573248013854
m3fd_det,external_data/M3FD_ir/detection_ir,96,1.0,0.65,cubic,0.1,0.25,0.03,0.5092104153703333,0.5163276999633392,0.511345600748235,0.297236700852712,0.05191281305735417,0.20482098621626696
flir_iisr_hr,external_data/FLIR-IISR/FLIR-IISR/HR,96,1.0,0.5,area,0.0,0.25,0.0,0.5311085310538624,0.46604832069064217,0.5115904679448963,0.2664965172686304,0.055365290536379584,0.18014239221035191
m3fd_det,external_data/M3FD_ir/detection_ir,96,1.0,0.5,area,0.0,0.0,0.0,0.518683938527886,0.525276960836776,0.5206618452205529,0.2820832140278071,0.04841317108173308,0.1963533090117077
m3fd_det,external_data/M3FD_ir/detection_ir,96,1.0,0.5,area,0.1,0.25,0.03,0.5191427280507376,0.5260664489349518,0.5212198443160018,0.29086479094500345,0.04867665442371503,0.20430108586636683
m3fd_det,external_data/M3FD_ir/detection_ir,96,1.0,0.65,area,0.1,0.0,0.0,0.5153234274127785,0.5369804903276402,0.521820546287237,0.2854229935134451,0.043074453137000174,0.20592655062985918
m3fd_det,external_data/M3FD_ir/detection_ir,96,1.0,0.65,area,0.0,0.0,0.03,0.5160679059750924,0.5378538890776654,0.5226037009058643,0.2853395960604151,0.04286526632886483,0.205848268000409
m3fd_det,external_data/M3FD_ir/detection_ir,96,1.0,0.65,area,0.1,0.0,0.03,0.5244571833757294,0.5300056119398171,0.5261217119449557,0.27729534287936985,0.04273738278269204,0.19912354873182872
m3fd_det,external_data/M3FD_ir/detection_ir,96,1.0,0.65,area,0.0,0.25,0.03,0.5249667036814415,0.5348848620199136,0.5279421511829832,0.27963099100937444,0.04296435766841054,0.20064078853465617
flir_iisr_hr,external_data/FLIR-IISR/FLIR-IISR/HR,96,1.0,0.65,area,0.1,0.0,0.03,0.5465119011591731,0.48785313030495453,0.5289142699029075,0.26011201250366867,0.049317432849003334,0.18094026312852898
m3fd_det,external_data/M3FD_ir/detection_ir,96,1.0,0.65,area,0.1,0.25,0.03,0.5378132376321871,0.5410804095337215,0.5387933892026474,0.2808002394934495,0.04306242397283181,0.20345735076504448
flir_iisr_hr,external_data/FLIR-IISR/FLIR-IISR/HR,96,1.0,0.65,area,0.1,0.25,0.0,0.5565007950841757,0.5034553589679951,0.5405871642493215,0.2612479242185752,0.04952758853253977,0.18147830797048906
m3fd_det,external_data/M3FD_ir/detection_ir,96,1.0,0.65,area,0.0,0.0,0.0,0.5432585070437043,0.5453019528009218,0.5438715407708694,0.2722272816269348,0.042830044058815575,0.19553577061742544
flir_iisr_hr,external_data/FLIR-IISR/FLIR-IISR/HR,96,1.0,0.65,area,0.0,0.0,0.0,0.5672027149800054,0.4952178219245445,0.545607247063367,0.2593972806353122,0.04866666164201402,0.18003705244821808
flir_iisr_hr,external_data/FLIR-IISR/FLIR-IISR/HR,96,1.0,0.65,area,0.0,0.25,0.0,0.5697836656540067,0.503659102603895,0.5499462967389732,0.2580803563663115,0.048364970739948034,0.1792004406064128
