source,path,images,match_strength,sigma,interp,sigma_jitter,noise_std,gamma_jitter,official_score,test_score,total_score,edge_mean,fft_high_ratio,std
flir_iisr_hr,external_data/FLIR-IISR/FLIR-IISR/HR,96,1.0,0.5,cubic,0.1,0.0,0.0,0.3815696085262409,0.34341499978463225,0.37012322590375824,0.3016388933174312,0.06945572801977672,0.19751382890778282
flir_iisr_hr,external_data/FLIR-IISR/FLIR-IISR/HR,96,1.0,0.5,cubic,0.0,0.0,0.03,0.38543673002954704,0.3470144563517934,0.3739100479262209,0.3008052525110543,0.06874066780669645,0.19748114437485734
flir_iisr_hr,external_data/FLIR-IISR/FLIR-IISR/HR,96,1.0,0.5,cubic,0.0,0.25,0.03,0.3953740482716029,0.353274394147564,0.38274415203439116,0.2950416094002624,0.06903925292421526,0.1907723522357022
flir_iisr_hr,external_data/FLIR-IISR/FLIR-IISR/HR,96,1.0,0.5,cubic,0.1,0.25,0.03,0.417750262821293,0.3513953017574077,0.3978437745021274,0.2871770445878307,0.06931430585277282,0.18742860147419074
flir_iisr_hr,external_data/FLIR-IISR/FLIR-IISR/HR,96,1.0,0.65,cubic,0.1,0.0,0.0,0.4154143837355268,0.3681839937480835,0.4012452667392938,0.2900947415425132,0.058996286189345826,0.1961224499003341
flir_iisr_hr,external_data/FLIR-IISR/FLIR-IISR/HR,96,1.0,0.65,cubic,0.0,0.0,0.03,0.41930694847701805,0.37115979944404853,0.4048628037671272,0.28949104342609644,0.05846445376572945,0.1961118660401553
flir_iisr_hr,external_data/FLIR-IISR/FLIR-IISR/HR,96,1.0,0.5,cubic,0.0,0.25,0.0,0.4267658660879438,0.36920972169423133,0.4094990227698301,0.2875780893179278,0.07032474869674914,0.18496987340040505
hit_uav,external_data/HIT_UAV_ir/all,96,1.0,0.5,cubic,0.1,0.25,0.0,0.41310217792557774,0.4197742255185659,0.41510379220347415,0.36291420211394626,0.06230785017370116,0.21329015167430043
flir_iisr_hr,external_data/FLIR-IISR/FLIR-IISR/HR,96,1.0,0.5,area,0.1,0.0,0.0,0.4314109823798296,0.3775505795717916,0.41525286153741814,0.2844139680576821,0.05516135140651964,0.19552362663671374
flir_iisr_hr,external_data/FLIR-IISR/FLIR-IISR/HR,96,1.0,0.5,area,0.0,0.0,0.03,0.4350733115913075,0.3809712685103569,0.4188426986670223,0.2839541266827534,0.05471879902897701,0.1955257426792135
flir_iisr_hr,external_data/FLIR-IISR/FLIR-IISR/HR,96,1.0,0.65,cubic,0.0,0.25,0.03,0.43592232412272053,0.38247415538734036,0.41988787350210643,0.283985941670835,0.05873005380978678,0.18942328243671605
flir_iisr_hr,external_data/FLIR-IISR/FLIR-IISR/HR,96,1.0,0.5,cubic,0.0,0.0,0.0,0.4399520754264373,0.3769781387109498,0.42105989441179104,0.27994655918640393,0.06844710516419157,0.1860058041444669
hit_uav,external_data/HIT_UAV_ir/all,96,1.0,0.5,cubic,0.0,0.0,0.03,0.4184907928679625,0.4324558251100307,0.422680302540583,0.36459297019367415,0.06161490852041248,0.2144731212562571
hit_uav,external_data/HIT_UAV_ir/all,96,1.0,0.5,cubic,0.1,0.0,0.0,0.41957668490595923,0.4341496462066228,0.4239485732961582,0.36461372564857203,0.06172957226327228,0.21448576628851393
hit_uav,external_data/HIT_UAV_ir/all,96,1.0,0.65,cubic,0.1,0.25,0.0,0.4231564766099436,0.42799355180036847,0.424607599167071,0.3529535351941983,0.05610906576559848,0.2122044044857224
hit_uav,external_data/HIT_UAV_ir/all,96,1.0,0.5,cubic,0.1,0.25,0.03,0.432518887766893,0.41096694126218253,0.42605330381547984,0.35816829558461905,0.06146459919576156,0.21268541746151945
hit_uav,external_data/HIT_UAV_ir/all,96,1.0,0.65,cubic,0.0,0.0,0.03,0.4273495564800698,0.4377334169934257,0.43046471463407654,0.3546697503576676,0.055546102310476575,0.21339646338795623
hit_uav,external_data/HIT_UAV_ir/all,96,1.0,0.5,cubic,0.0,0.25,0.03,0.43220610512505103,0.4267936849513466,0.4305823790729397,0.3562173256650567,0.061672124786629125,0.2089091381834199
hit_uav,external_data/HIT_UAV_ir/all,96,1.0,0.5,area,0.1,0.25,0.0,0.4303249241713699,0.4315662235292449,0.43069731397873234,0.346664000612994,0.052890988895129276,0.21154884256732961
flir_iisr_hr,external_data/FLIR-IISR/FLIR-IISR/HR,96,1.0,0.5,cubic,0.1,0.25,0.0,0.44567091694121197,0.3960905347279128,0.43079680227722217,0.27834597951732576,0.06894957292938537,0.18211752090913555
hit_uav,external_data/HIT_UAV_ir/all,96,1.0,0.65,cubic,0.1,0.0,0.0,0.42831954709171566,0.43952421764560196,0.4316809482578815,0.3545755174321433,0.055620093036318735,0.21340478165075183
hit_uav,external_data/HIT_UAV_ir/all,96,1.0,0.5,cubic,0.1,0.0,0.03,0.437368911100639,0.4231386516655592,0.43309983327011503,0.3523945965183278,0.06152020536299976,0.20680059438260892
hit_uav,external_data/HIT_UAV_ir/all,96,1.0,0.65,cubic,0.1,0.25,0.03,0.44193252018564766,0.4185045174466999,0.43490411936396334,0.34837486657003564,0.05539496084511902,0.21162270490701
hit_uav,external_data/HIT_UAV_ir/all,96,1.0,0.5,cubic,0.0,0.25,0.0,0.4318495851653831,0.44242545243164966,0.4350223453452631,0.3539504176781823,0.06176996130582107,0.20775957871228456
hit_uav,external_data/HIT_UAV_ir/all,96,1.0,0.5,area,0.0,0.0,0.03,0.43424426981007447,0.4407228987640293,0.43618785849626085,0.348360912874341,0.05237333684555893,0.21274085203185678
hit_uav,external_data/HIT_UAV_ir/all,96,1.0,0.5,area,0.1,0.0,0.0,0.4344453353770488,0.44154637512792844,0.4365756473023127,0.34822944380963844,0.05244649314147739,0.21275161625817418
flir_iisr_hr,external_data/FLIR-IISR/FLIR-IISR/HR,96,1.0,0.5,cubic,0.1,0.0,0.03,0.4468964995311569,0.4148708161490651,0.43728879451652936,0.2799286552083989,0.0696245666655239,0.18449263724808893
flir_iisr_hr,external_data/FLIR-IISR/FLIR-IISR/HR,96,1.0,0.5,area,0.0,0.25,0.03,0.4548822690661247,0.3963348877468162,0.43731805467033213,0.27857824810780585,0.05498004589830028,0.18884424096904695
flir_iisr_hr,external_data/FLIR-IISR/FLIR-IISR/HR,96,1.0,0.65,cubic,0.1,0.25,0.03,0.4641266286405705,0.3898841779287456,0.441853893427023,0.27634628070518374,0.05892238471345309,0.18611029644186297
hit_uav,external_data/HIT_UAV_ir/all,96,1.0,0.65,area,0.1,0.25,0.0,0.44365643202932176,0.43779477692386665,0.4418979354976852,0.3379566112222771,0.04811619841244663,0.2106321402825415
hit_uav,external_data/HIT_UAV_ir/all,96,1.0,0.5,area,0.1,0.25,0.03,0.4506584611518985,0.421513002625658,0.44191482359402634,0.34221926665244,0.05224806156140869,0.210984006524086
hit_uav,external_data/HIT_UAV_ir/all,96,1.0,0.65,cubic,0.0,0.25,0.03,0.4450649100376662,0.4361649737064617,0.4423949291383048,0.3464750403848787,0.0555966433745537,0.2078530297925075
hit_uav,external_data/HIT_UAV_ir/all,96,1.0,0.65,cubic,0.1,0.0,0.03,0.45048106806199517,0.4326405783900879,0.44512892116042296,0.3427672393154353,0.055445529560303235,0.20575032049479583
hit_uav,external_data/HIT_UAV_ir/all,96,1.0,0.65,cubic,0.0,0.25,0.0,0.44377483485483676,0.451294610615085,0.4460307675829112,0.34430571474755806,0.055682795519220056,0.20670496105837324
hit_uav,external_data/HIT_UAV_ir/all,96,1.0,0.65,area,0.0,0.0,0.03,0.4466304131165358,0.44592695223212253,0.44641937485121175,0.3396971250573794,0.047685334361098654,0.2118325667300572
hit_uav,external_data/HIT_UAV_ir/all,96,1.0,0.65,area,0.1,0.0,0.0,0.44704014882980464,0.446865406818049,0.4469877262262779,0.3395990103793641,0.047737093172511624,0.21184237875665227
flir_iisr_hr,external_data/FLIR-IISR/FLIR-IISR/HR,96,1.0,0.65,area,0.1,0.0,0.0,0.46680704382225546,0.40402565812116736,0.44797262811192906,0.27538858524834114,0.048151908973165014,0.19450615819854042
hit_uav,external_data/HIT_UAV_ir/all,96,1.0,0.5,area,0.0,0.25,0.03,0.45396716817030863,0.44057517162843757,0.4499495692077473,0.3402701498319705,0.052421767053461375,0.20720974542200565
hit_uav,external_data/HIT_UAV_ir/all,96,1.0,0.5,cubic,0.0,0.0,0.0,0.4576371694601347,0.43336959309670375,0.4503568965511054,0.3465209365822375,0.061792221004474714,0.20280692229668298
flir_iisr_hr,external_data/FLIR-IISR/FLIR-IISR/HR,96,1.0,0.65,area,0.0,0.0,0.03,0.47084884705307206,0.4072620650722393,0.45177281245882217,0.27498816582374275,0.0478185062070089,0.19452324587230882
hit_uav,external_data/HIT_UAV_ir/all,96,1.0,0.5,area,0.1,0.0,0.03,0.458911654046624,0.4380153354102842,0.452642758455722,0.33670583995990455,0.05229098286993059,0.20511723131251833
hit_uav,external_data/HIT_UAV_ir/all,96,1.0,0.5,area,0.0,0.25,0.0,0.45232857511921026,0.4551560702272931,0.45317682365163503,0.3381483930473526,0.05250491300392829,0.2060619534458965
hit_uav,external_data/HIT_UAV_ir/all,96,1.0,0.65,area,0.1,0.25,0.03,0.46326164104719547,0.43023489364557504,0.4533536168267093,0.33366944221779704,0.04755795140018578,0.21008777579603097
flir_iisr_hr,external_data/FLIR-IISR/FLIR-IISR/HR,96,1.0,0.65,cubic,0.0,0.25,0.0,0.4727675036181277,0.4090758410013498,0.4536600048330943,0.27668824427140254,0.05980667889197925,0.1836281594199439
hit_uav,external_data/HIT_UAV_ir/all,96,1.0,0.65,area,0.0,0.25,0.03,0.46664517129695926,0.45323184440512254,0.4626211732294082,0.33177277678623796,0.04773263718331617,0.20632138289511204
flir_iisr_hr,external_data/FLIR-IISR/FLIR-IISR/HR,96,1.0,0.5,area,0.1,0.25,0.03,0.48670859723762794,0.40829024146385917,0.4631830905054973,0.27105888390603167,0.05510655713440742,0.18554353217283884
hit_uav,external_data/HIT_UAV_ir/all,96,1.0,0.65,cubic,0.0,0.0,0.0,0.47299686213137515,0.4433844426591442,0.46411313628970585,0.3368939277715981,0.05568619214016934,0.20177418172049025
hit_uav,external_data/HIT_UAV_ir/all,96,1.0,0.65,area,0.1,0.0,0.03,0.47148680261906223,0.4513076035775778,0.46543304290661686,0.3282914607940863,0.04759475705848826,0.20422916936998567
hit_uav,external_data/HIT_UAV_ir/all,96,1.0,0.65,area,0.0,0.25,0.0,0.4658136767833267,0.46730082292349123,0.4662598206253761,0.3297259643053015,0.04780957798518815,0.20517332013696432
flir_iisr_hr,external_data/FLIR-IISR/FLIR-IISR/HR,96,1.0,0.65,cubic,0.0,0.0,0.0,0.4869432859779002,0.4186242365502768,0.46644757114961316,0.2693888854701072,0.05827836436126857,0.18473602396746477
hit_uav,external_data/HIT_UAV_ir/all,96,1.0,0.5,area,0.0,0.0,0.0,0.4809052326053475,0.4517240503989146,0.4721508779434176,0.33086045117427904,0.05250646055324502,0.20114672354732951
flir_iisr_hr,external_data/FLIR-IISR/FLIR-IISR/HR,96,1.0,0.65,area,0.0,0.25,0.03,0.49328301718431566,0.4278007615159744,0.47363834048381326,0.2698205702472478,0.04805618965592821,0.1878551635115097
flir_iisr_hr,external_data/FLIR-IISR/FLIR-IISR/HR,96,1.0,0.5,area,0.0,0.25,0.0,0.4939673741891009,0.4275098795490613,0.47403012579708903,0.27136922026208293,0.05598463322906163,0.18305651005357504
flir_iisr_hr,external_data/FLIR-IISR/FLIR-IISR/HR,96,1.0,0.65,cubic,0.1,0.25,0.0,0.49912347365112153,0.4425964799185268,0.4821653755313431,0.26783216030647355,0.058654899659119575,0.18083491323826215
flir_iisr_hr,external_data/FLIR-IISR/FLIR-IISR/HR,96,1.0,0.65,cubic,0.1,0.0,0.03,0.49645798212847897,0.4557434568610967,0.48424362454826425,0.2694497903964172,0.05920023985034928,0.18321174484056732
hit_uav,external_data/HIT_UAV_ir/all,96,1.0,0.65,area,0.0,0.0,0.0,0.49337979741555016,0.4643796536647404,0.4846797542903072,0.3226476348936558,0.04780930244740426,0.20027972284394005
flir_iisr_hr,external_data/FLIR-IISR/FLIR-IISR/HR,96,1.0,0.5,area,0.0,0.0,0.0,0.5075910240039991,0.43795880566276435,0.48670135850162866,0.26425364473834634,0.054571058561825446,0.18418960156850517
flir_iisr_hr,external_data/FLIR-IISR/FLIR-IISR/HR,96,1.0,0.65,area,0.1,0.25,0.03,0.5259898231879596,0.4456833669437863,0.5018978863147076,0.2624894098068277,0.048132791626046945,0.1845804152156537
flir_iisr_hr,external_data/FLIR-IISR/FLIR-IISR/HR,96,1.0,0.5,area,0.1,0.25,0.0,0.5216595381172064,0.46433084578896466,0.5044609304187339,0.2626741772983223,0.05485334736774266,0.1802810107668241
flir_iisr_hr,external_data/FLIR-IISR/FLIR-IISR/HR,96,1.0,0.5,area,0.1,0.0,0.03,0.5175464039050798,0.4757028278767093,0.5049933310965686,0.2643252945660303,0.05536848645961459,0.1826582852906237
flir_iisr_hr,external_data/FLIR-IISR/FLIR-IISR/HR,96,1.0,0.65,area,0.0,0.25,0.0,0.5348221761156947,0.464861548752186,0.513833987906642,0.26275257122082013,0.04892216140616023,0.18208139087073505
flir_iisr_hr,external_data/FLIR-IISR/FLIR-IISR/HR,96,1.0,0.65,area,0.0,0.0,0.0,0.5452167659118029,0.47492992413808716,0.5241307133796882,0.2560775161255151,0.047743216267529344,0.1832638493118187
flir_iisr_hr,external_data/FLIR-IISR/FLIR-IISR/HR,96,1.0,0.65,area,0.1,0.0,0.03,0.5557130119458654,0.5120155158278036,0.5426037631104468,0.2560353454512854,0.04836984883174802,0.18171553399103382
flir_iisr_hr,external_data/FLIR-IISR/FLIR-IISR/HR,96,1.0,0.65,area,0.1,0.25,0.0,0.5611884565953734,0.5029206346316624,0.5437081100062601,0.254330618151774,0.04793098090608303,0.17933981958776712
